1	1
2	1.4
3	2
4	6
5	15
6	6
7	2
8	1.5
9	1.3
10	1.2
11	1.2
12	1.1
13	1.2
14	1.5
15	3
16	5
17	7
18	13
19	14
20	7
21	6
22	5
23	4
24	3
25	3
26	2.8
27	2.8
28	2.5
29	2.3
30	2.1
31	1.9
32	1.7
33	1.5
34	1.4
35	1.3
36	1.3
37	1.2
38	1.2
87.99
126.70
128.50
88.27
120.26
121.19
135.70
132.30
133.23
127.13
93.43
122.15
122.72
123.62
96.43
144.89
89.20
148.09
94.13
142.08
124.91
166.02
118.29
124.60
126.45
100.20
91.72
125.56
148.86
122.74
124.47
140.63
91.16
124.27
115.21
113.09
88.39
93.77
122.51
80.14
121.80
92.74
91.11
91.63
146.57
89.85
125.02
91.30
164.38
120.82
121.39
117.18
139.39
110.43
102.89
126.13
126.45
142.16
113.57
92.10
153.07
91.21
96.65
107.84
118.82
88.73
122.15
125.44
147.26
141.49
123.05
83.79
158.43
144.20
122.13
126.40
150.89
124.41
134.39
88.68
131.06
147.39
122.44
116.28
94.55
123.67
157.56
86.06
91.85
131.05
122.65
129.48
125.55
121.08
119.97
88.05
118.09
92.90
108.24
91.15
121.57
128.20
128.40
123.52
164.29
102.32
95.79
86.27
120.53
126.41
117.77
119.13
89.81
124.42
93.15
125.39
116.51
141.37
116.36
139.77
120.05
90.11
89.90
120.88
123.44
109.59
149.01
129.94
149.81
122.89
93.39
139.59
94.53
122.19
104.57
